0.22815
0.18661
-0.10413
-0.11794
0.27628
-0.060867
0.039085
0.23176
0.0065952
-0.19103
-0.054621
0.23156
-0.14076
0.22823
-0.031626
-0.19369
-0.17854
0.18189
0.066468
0.054151
-0.29647
1.2389
-0.026232
0.08321
0.26849
-0.23277
0.085712
-0.26586
-0.38458
0.258
0.015313
0.086226
-0.20103
0.0708
-0.1577
0.096764
-0.17274
0.074982
0.54447
0.16643
-0.09381
-0.047014
-0.30344
0.021868
0.21155
0.23137
-0.12711
0.073517
0.061277
0.011217
-0.14109
-0.14481
0.00087079
-0.083748
-0.085558
0.1064
0.14288
-0.011114
0.062117
0.24964
-0.11685
0.074125
0.10017
-0.048893
-0.047052
-0.0039192
-0.15111
0.29453
0.0010294
-0.15288
-0.064571
0.29156
-0.35698
0.10434
0.1703
0.14906
-0.27455
0.3584
-0.060989
0.057974
-0.12384
-0.0097323
-0.27435
-0.073057
-0.16072
-0.05466
0.068019
0.012016
0.19032
0.021467
-0.54537
-0.09847
0.22357
0.20995
0.39688
-0.14837
0.26795
0.034116
0.14139
0.063344
0.086413
0.045379
-0.087978
-0.47556
-0.24782
-0.30919
-0.095788
-0.49277
0.069829
0.19426
-0.29828
-0.024044
-0.10198
-0.094888
0.16018
-0.045067
-0.11451
-0.22024
0.020987
0.058598
0.021258
0.07064
0.14646
0.2056
-0.11785
0.017569
0.091388
0.010637
1.0686
-0.20451
0.12483
-0.096831
-0.035878
0.38963
-0.016457
0.060901
-0.49466
0.17753
0.32081
-0.23116
-0.044712
-0.1484
-0.40127
-0.27167
-0.0088167
0.0042081
0.13822
-0.068481
-0.066624
0.31093
-0.14589
-0.16167
0.10113
0.11175
-0.0067579
1.0036
-0.13628
0.24484
0.041512
0.15053
0.22433
0.14198
-0.41457
0.2157
-0.10772
0.019595
0.034064
-0.34239
0.30378
0.061868
0.13982
-0.027907
0.10437
-0.00665
-0.054231
0.21278
0.98688
0.78141
0.11364
-0.1544
-0.12295
-0.1101
0.22316
0.028257
-0.22201
-0.065095
0.11876
-0.03572
-0.097258
-0.42853
-0.23908
-0.0026694
-0.36174
-0.095694
-0.10271
-0.13714
-0.1883
1.1687
-0.33852
0.14514
-0.059499
-0.054299
0.12621
0.098356
0.62449
-0.27976
0.15773
0.21907
0.13681
0.041309
0.12463
-0.55637
0.15824
0.075043
0.18761
-0.066743
0.012761
-0.016087
-0.29457
0.32489
-0.40997
0.008673
-0.1498
0.14823
0.014869
-0.43437
0.27538
-0.15081
-0.28872
-0.15455
0.12082
-0.070565
-0.55715
0.28928
-0.067416
0.1982
0.21684
0.092287
0.019291
0.28587
-0.28703
-0.13154
-0.25729
-0.0943
-0.29699
0.26445
0.034156
0.10731
0.12027
0.33715
-0.1317
-0.2778
-0.22332
0.1098
0.034586
0.055931
0.044697
-0.059549
-0.34409
0.039751
0.32086
-0.23691
0.20214
0.27548
-0.16817
-0.0053221
0.052445
0.2199
0.21907
0.025707
0.027212
-0.10859
0.037967
-0.35363
0.10522
0.46078
0.22519
-0.29822
0.25987
-0.33283
0.25363
0.011124
-0.29833
-0.21973
0.040011
0.19222
-0.15455
-0.22528
-0.13333
0.14768
0.17888
0.015642
0.29016
-0.023931
0.12518
-0.18927
0.056239
0.046869
-0.091361
-0.071916
0.13226
0.18111
-0.23409
-0.10783
0.27529
0.12115
0.40567
-0.070445
-0.035312
-0.040846
-0.031805
0.2305
0.20719
0.81808
0.26915
-0.42371
-0.13283
0.054079
-0.14159
-0.06546
-0.018091
-0.089092
-0.36232
0.0047729
-0.19669
0.060153
-0.50203
0.028751
-0.034838
0.072802
-0.10658
-0.2185
-0.032685
0.045441
-0.17866
-0.21899
-0.08834
-0.34067
-0.36584
-0.37718
0.064097
0.03457
0.011825
0.64579
0.090124
0.12716
-0.038067
-0.32458
0.26187
0.233
0.090399
-0.40745
0.13736
0.067301
0.4266
0.01268
-0.13834
-0.18766
-0.06078
-0.08757
0.21555
0.45256
-0.24526
-0.038014
-0.042578
-0.3574
0.035083
-0.1009
-0.12225
0.23637
0.13189
-0.14544
0.17352
-0.073918
-0.12384
-0.0031379
-0.20303
-0.081031
-0.10335
-0.056586
-0.024172
0.39474
0.15431
-0.098197
0.18821
0.1647
0.19074
0.0099133
-0.26862
0.12411
0.072899
-0.19943
0.37445
-0.069297
0.16695
-0.20323
0.28144
-0.053953
-0.10617
0.17015
-0.046843
0.34058
0.36706
0.024265
0.49603
-0.11954
-0.16743
-0.25524
-0.24819
0.084331
-0.082457
0.15215
0.061145
-0.12651
-0.08902
-0.17129
0.041975
-0.047775
0.16546
-0.60569
0.36587
-0.22482
0.16567
-0.37146
0.13206
-0.24148
0.46814
0.0072719
0.019947
-0.15895
-0.076425
0.0066449
0.0047591
-0.034681
-0.26671
-0.23406
0.086413
0.085609
-0.16866
0.34592
0.0048509
0.29272
-0.1394
0.32047
0.051528
0.13084
-0.25515
0.016905
0.37609
0.0047964
0.016362
0.18825
0.14096
-0.017482
0.05986
0.14794
0.0012331
-0.20411
0.22786
0.045528
0.013848
0.22744
-0.35719
0.24186
0.034152
0.10104
0.19093
-0.31875
0.38544
-0.02692
-0.45439
-0.3283
0.25454
0.036021
-0.010784
0.062262
-0.1952
0.073005
-0.10203
0.052312
0.3201
0.12629
0.28082
0.23565
0.020058
-0.034135
0.14218
-0.23358
-0.025974
0.10832
0.11135
-0.1217
0.045571
0.0015144
-0.23133
-0.18338
-0.086744
0.21366
0.145
0.26486
0.17611
0.067224
0.0063423
0.041171
0.26142
0.05372
0.20482
-0.0067536
-0.41816
-0.063212
0.026587
-0.13301
-0.0093503
-0.30085
-0.13467
-0.16008
-0.045641
0.092028
0.11329
0.20933
0.20171
-0.087125
0.30695
0.018669
-0.19767
-0.1886
-0.1912
-0.25729
0.25918
-0.05256
0.2025
-0.1027
0.28573
0.069448
-0.1889
0.15957
0.12077
-0.31189
-0.27914
0.027739
-0.14043
-0.1041
0.15282
0.059706
0.21055
0.059155
0.29174
-0.070438
0.028253
-0.012758
0.026557
-0.21833
0.13909
-0.12776
-0.20233
0.51259
-0.2073
-0.45924
-0.058335
-0.17569
0.36171
0.10164
0.055191
-0.080952
-0.011663
-0.36187
-0.13152
0.22016
-0.24005
-0.1555
0.10225
0.063592
0.15673
0.18609
-0.065882
0.47462
-0.027372
0.17721
-0.026989
0.051876
-0.29067
0.074407
-0.059173
-0.29541
0.055747
-0.46322
0.076908
0.20338
-0.12362
0.085707
0.063539
-0.13342
0.017254
-0.23705
0.13744
0.1953
-0.0058385
-0.10581
0.3975
-0.3456
0.28741
0.17777
0.22538
0.2619
-0.50229
0.094086
0.0077525
0.0076546
-0.14493
-0.32447
-0.19329
0.074491
0.011935
0.11783
0.15635
-0.22221
-0.0029936
0.10096
-0.16521
0.29221
0.17569
-0.07572
0.01843
0.12417
-0.1309
-0.3772
0.085903
0.01412
-0.2421
0.2729
0.10483
-0.010167
0.11393
0.019761
-0.12209
-0.34271
-0.085722
0.069447
-0.19699
-0.20351
0.27063
0.13637
0.14442
-0.42971
-0.11019
0.24266
0.067837
-0.40891
0.17752
0.017867
0.21052
-0.34929
0.18116
-0.085386
0.08861
-0.39925
0.10602
-0.47736
0.063703
0.0011326
0.012738
0.17221
-0.080421
-0.082007
0.039004
0.27883
-0.093551
-0.1425
-0.28895
0.31952
0.14335
0.083794
0.28796
0.045382
-0.13699
-0.074392
0.1335
1.3928
0.14146
-0.052246
-0.0012899
0.084681
-0.058057
-0.30935
-0.14862
-0.14022
-0.21553
-0.1053
0.011375
-0.19409
-0.059737
0.17466
0.10025
0.089312
-0.031153
0.1001
-0.14152
-0.025188
-0.45579
0.06359
-0.40118
-0.15068
0.26192
0.33428
0.31262
-0.21817
-0.1527
-0.027604
0.008414
-0.019498
0.1553
0.0022763
0.20733
0.075041
0.05424
-0.094335
0.091173
0.17895
0.27209
0.11426
-0.31164
0.37008
-0.11114
0.14101
-0.56812
0.49269
-0.23327
-0.14075
-0.067534
0.061215
-0.21181
0.19806
-0.40523
-0.0055671
0.021147
-0.061725
-0.36392
0.065307
-0.19111
0.13127
-0.047474
0.16278
0.14328
0.051941
0.048685
-0.048933
0.13964
-0.1798
-0.028673
-0.02334
-0.08552
-0.082341
-0.11123
0.10781
0.29131
0.22181
-0.26262
0.026314
0.078839
-0.17213
-0.03181
0.13542
-0.19362
-0.0063098
0.18358
-0.019749
0.21194
0.092852
-0.13464
0.29523
0.037939
-0.27668
-0.15698
-0.2033
-0.46335
-0.022276
0.044793
0.098691
0.093598
0.090262
-0.15364
-0.22122
0.06572
-0.13079
0.024847
-0.11584
-0.047522
0.21302
-0.12205
-0.50715
-0.077551
0.035904
0.22325
-0.064783
-0.0026745
0.10474
0.12334
0.21893
-0.17693
0.1098
0.88393
0.02096
0.26074
-0.10107
0.30666
-0.0083283
-0.11548
0.137
-0.20047
-0.090872
-0.069215
-0.17455
0.12624
0.1952
-0.13168
0.15663
-0.2052
0.11118
-0.17142
0.82754
1.2084
-0.081614
-0.23449
0.0095014
-0.19936
-0.36876
-0.06466
-0.34814
-0.031767
-0.47905
-0.15374
-0.070549
-0.067777
0.016393
-0.24117
0.028171
0.034711
-0.14184
0.7161
0.23722
0.18503
0.0027817
-0.37271
-0.17171
-0.1202
0.050519
-0.16157
0.044101
0.16139
-0.064232
-0.25456
0.030097
0.075067
-0.28407
0.24043
-0.0081794
-0.13938
-0.09186
0.18395
0.00010078
-0.025477
-0.13334
0.06059
-0.2067
0.040745
0.68176
-0.014503
-0.12451
0.16092
-0.14536
-0.12429
-0.049343
-0.025911
0.043893
0.09973
0.020412
-0.18115
-0.066884
-0.057142
-0.060202
0.27641
0.4764
-0.12154
0.014565
0.086538
0.26773
0.037674
-0.029501
0.08881
-0.26652
0.049108
-0.083545
-0.33948
-0.12296
-0.059017
-0.020206
-0.12466
0.13508
0.032106
-0.25362
-0.27133
0.16712
0.12727
-0.15962
-0.19964
-0.051089
-0.025215
0.012795
0.30015
0.28597
-0.14578
0.15414
0.18077
0.17452
0.12609
0.090922
-0.0683
-0.12989
0.056149
0.12716
0.13204
-0.29833
-0.089751
0.093057
-0.00094559
-0.072588
-0.046498
-0.17829
0.21421
-0.049955
-0.21868
0.030948
0.80563
0.042421
-0.040142
0.17547
-0.2745
-0.023455
0.048455
-0.15675
-0.0011748
0.10932
0.77013
0.1025
0.27174
0.0071926
-0.36099
-0.074918
0.3347
-0.14933
0.20553
-0.071179
-0.1606
0.010975
-0.066196
0.15888
0.93474
-0.28491
-0.083682
-0.23852
1.3123
0.13654
0.11134
0.21168
0.010385
-0.07477
-0.42055
0.27214
-0.0822
0.087856
-0.0095005
0.090783
0.95568
-0.13585
0.13692
0.28566
0.74828
0.33923
0.37756
0.14909
0.19542
-0.1794
0.14747
0.078777
0.26173
0.22152
-0.003938
0.11723
0.14497
-0.17317
0.15802
-0.029339
0.013683
0.18645
0.098996
0.25567
-0.124
-0.10599
-0.07003
-0.038237
